Best routes found per algorithm
========================================

HC_plain: cost = 785.2406
  route = [36, 12, 41, 69, 24, 94, 21, 10, 0, 43, 40, 30, 32, 60, 70, 28, 59, 38, 78, 19, 47, 56, 73, 85, 35, 16, 23, 46, 82, 66, 33, 91, 72, 53, 7, 55, 17, 8, 67, 13, 74, 93, 48, 63, 81, 25, 87, 42, 29, 97, 99, 37, 34, 62, 61, 4, 18, 44, 76, 64, 77, 14, 45, 96, 57, 54, 80, 2, 49, 65, 86, 51, 84, 5, 88, 20, 39, 31, 98, 6, 27, 79, 3, 58, 52, 22, 83, 15, 75, 90, 11, 89, 50, 1, 26, 92, 9, 71, 68, 95]

HC_restart: cost = 807.5902
  route = [6, 98, 88, 5, 84, 51, 86, 57, 65, 49, 2, 80, 54, 96, 77, 45, 14, 19, 78, 38, 47, 56, 73, 85, 16, 63, 81, 25, 87, 42, 29, 97, 37, 61, 34, 62, 64, 76, 44, 18, 4, 35, 99, 23, 53, 72, 7, 55, 17, 93, 48, 74, 13, 8, 67, 24, 69, 41, 12, 94, 21, 40, 82, 66, 33, 91, 46, 70, 28, 59, 20, 39, 31, 60, 32, 30, 43, 0, 10, 36, 95, 68, 71, 50, 89, 1, 9, 26, 92, 52, 58, 79, 27, 3, 83, 22, 11, 90, 75, 15]

SA_fast: cost = 898.9084
  route = [88, 84, 86, 51, 65, 49, 2, 80, 54, 96, 57, 38, 78, 19, 14, 45, 77, 64, 76, 44, 18, 62, 34, 61, 4, 35, 85, 73, 47, 56, 59, 60, 31, 98, 6, 27, 15, 75, 90, 11, 22, 83, 3, 79, 58, 52, 92, 26, 9, 1, 89, 50, 71, 68, 0, 95, 36, 41, 12, 69, 24, 94, 21, 10, 43, 30, 40, 82, 66, 33, 91, 72, 53, 7, 93, 55, 17, 67, 8, 13, 74, 48, 81, 25, 87, 42, 29, 97, 37, 99, 16, 63, 23, 46, 70, 28, 32, 39, 20, 5]

SA_slow: cost = 781.9809
  route = [19, 14, 45, 77, 96, 57, 54, 80, 2, 49, 65, 86, 51, 84, 5, 88, 20, 98, 6, 15, 75, 90, 11, 83, 22, 89, 50, 1, 9, 26, 92, 52, 58, 3, 79, 27, 39, 31, 60, 32, 30, 40, 43, 0, 71, 68, 95, 36, 10, 21, 94, 12, 41, 69, 24, 67, 8, 13, 74, 93, 48, 63, 81, 25, 87, 42, 29, 97, 99, 37, 61, 34, 62, 64, 76, 44, 18, 4, 35, 16, 23, 53, 7, 55, 17, 72, 91, 33, 66, 82, 46, 70, 28, 59, 73, 85, 56, 47, 38, 78]

TA: cost = 824.1373
  route = [52, 92, 26, 9, 1, 89, 50, 71, 68, 95, 36, 24, 69, 41, 12, 94, 21, 10, 0, 40, 43, 30, 32, 60, 28, 70, 82, 66, 33, 91, 53, 72, 7, 55, 17, 8, 67, 13, 74, 93, 48, 63, 81, 25, 87, 42, 29, 97, 37, 99, 35, 16, 23, 46, 73, 59, 38, 78, 19, 47, 56, 85, 4, 61, 34, 62, 18, 44, 76, 64, 77, 14, 45, 96, 57, 54, 49, 2, 80, 65, 86, 51, 84, 5, 88, 20, 31, 39, 6, 98, 15, 75, 90, 11, 22, 83, 79, 27, 3, 58]

